[array([0.982314, 0.017686]), array([0.048921, 0.951079]), array([0.873512, 0.126488, 0.521903]), array([0.109774, 0.890226, 0.732651, 0.267349]), array([0.964103, 0.035897, 0.418206, 0.581794]), array([0.021637, 0.978363, 0.612904, 0.387096, 0.14658 ]), array([0.914582, 0.085418, 0.289736, 0.710264, 0.537901, 0.462099]), array([0.066913, 0.933087, 0.774208, 0.225792, 0.49256 , 0.50744 ,
       0.846129, 0.153871])]
[array([0.650584, 0.578516]), array([0.702428, 0.268982]), array([1.00000e-06, 9.99999e-01, 9.99999e-01]), array([0.411215, 0.391662, 0.334151, 0.430245]), array([1.00000e-06, 9.99999e-01, 1.00000e-06, 1.00000e-06]), array([9.99999e-01, 1.00000e-06, 9.99999e-01, 1.00000e-06, 9.99999e-01]), array([6.46799e-01, 9.99999e-01, 3.23743e-01, 7.16836e-01, 7.61186e-01,
       1.00000e-06]), array([1.00000e-06, 1.19890e-02, 1.57238e-01, 1.00000e-06, 9.99999e-01,
       4.64712e-01, 1.00000e-06, 7.80941e-01])]
[array([0.781153, 0.796102]), array([0.702429, 0.268981]), array([4.55611e-01, 1.00000e-06, 5.95968e-01]), array([0.411216, 0.391662, 0.334149, 0.430244]), array([9.99999e-01, 1.00000e-06, 9.25885e-01, 9.99999e-01]), array([1.00000e-06, 1.00000e-06, 1.00000e-06, 9.99999e-01, 1.00000e-06]), array([0.045151, 0.302223, 0.352881, 0.146444, 0.345692, 0.763205]), array([1.00000e-06, 1.19650e-02, 1.57245e-01, 1.00000e-06, 9.99999e-01,
       4.64708e-01, 1.00000e-06, 7.80930e-01])]
[array([0.085991, 0.243462]), array([0.368653, 0.416825]), array([4.95452e-01, 9.99999e-01, 1.00000e-06]), array([0.496578, 0.629332, 0.11935 , 0.717956]), array([0.745658, 0.152529, 0.612375, 0.709785]), array([3.53356e-01, 1.00000e-06, 8.32330e-01, 9.99999e-01, 1.77554e-01]), array([0.25711 , 0.328936, 0.695862, 0.315733, 0.479678, 0.258804]), array([0.075159, 0.584468, 0.07262 , 0.964583, 0.765622, 0.84778 ,
       0.879158, 0.924529])]
[array([2.35000e-04, 9.92985e-01]), array([0.004028, 0.872177]), array([0.994887, 0.960308, 0.991994]), array([0.375816, 0.381022, 0.435472, 0.438249]), array([0.954472, 0.006682, 0.942805, 0.970322]), array([0.363739, 0.354647, 0.483193, 0.684766, 0.133842]), array([0.11855 , 0.22076 , 0.384083, 0.082943, 0.339759, 0.792149]), array([0.106702, 0.229848, 0.13359 , 0.048876, 0.884885, 0.628654,
       0.149694, 0.705425])]
[array([0.256395, 0.995472]), array([0.712066, 0.258778]), array([0.985832, 0.020371, 0.996135]), array([1.00000e-06, 1.00000e-06, 9.99999e-01, 9.99999e-01]), array([9.84797e-01, 1.00000e-06, 9.38625e-01, 9.93489e-01]), array([1.00000e-06, 1.00000e-06, 9.99999e-01, 1.00000e-06, 1.00000e-06]), array([1.00000e-06, 5.08115e-01, 7.63618e-01, 1.00000e-06, 3.03685e-01,
       9.99999e-01]), array([4.11337e-01, 1.00000e-06, 1.00000e-06, 1.00000e-06, 9.99999e-01,
       1.00000e-06, 1.00000e-06, 1.00000e-06])]
[array([0.696261, 0.89894 ]), array([0.754276, 0.888245]), array([0.974434, 0.849217, 0.795255]), array([0.008556, 0.206561, 0.999983, 0.012649]), array([0.004862, 0.165369, 0.804291, 0.928888]), array([9.99999e-01, 9.65813e-01, 7.15530e-02, 1.00000e-06, 9.96537e-01]), array([0.912255, 0.999483, 0.999996, 0.673189, 0.318309, 0.671603]), array([0.810062, 0.999999, 0.381265, 0.997333, 0.711213, 0.259033,
       0.999846, 0.323774])]
[array([0.544128, 0.972445]), array([0.721873, 0.444507]), array([0.981599, 0.729454, 0.437327]), array([0.047985, 0.605041, 0.796475, 0.676991]), array([0.953986, 0.91921 , 0.721938, 0.943759]), array([0.291254, 0.942527, 0.769239, 0.10997 , 0.999999]), array([0.22062 , 0.999992, 0.997222, 0.891599, 0.998633, 0.961884]), array([9.75229e-01, 9.98612e-01, 3.76402e-01, 9.99999e-01, 5.95936e-01,
       9.99999e-01, 9.11762e-01, 5.65000e-04])]
[array([0.748574, 0.988274]), array([0.683653, 0.785494]), array([0.997808, 0.984073, 0.463945]), array([1.00000e-06, 9.99999e-01, 1.00000e-06, 1.00000e-06]), array([0.934183, 0.983159, 0.93128 , 0.999999]), array([9.99999e-01, 9.99999e-01, 9.99999e-01, 9.95435e-01, 5.00000e-06]), array([0.176778, 0.153081, 0.981327, 0.995329, 0.109199, 0.994164]), array([2.41000e-03, 8.09990e-02, 1.00000e-06, 1.00400e-03, 9.99255e-01,
       1.00000e-06, 2.78280e-02, 9.99999e-01])]
[array([0.507325, 0.568864]), array([0.675659, 0.944265]), array([1.000e-06, 4.543e-03, 1.000e-06]), array([1.00000e-06, 9.99999e-01, 9.99999e-01, 9.99999e-01]), array([0.744801, 0.996451, 0.951954, 0.999995]), array([1.00000e-06, 9.99999e-01, 9.99999e-01, 1.00000e-06, 9.99999e-01]), array([1.00000e-06, 9.95834e-01, 5.07684e-01, 9.81417e-01, 7.00000e-06,
       2.20700e-03]), array([0.999999, 0.999999, 0.999999, 0.999999, 0.999999, 0.999999,
       0.999999, 0.999999])]